1
2.5
3.333333
4
5.5
6.333333
7
8.5
9.333333
10
11.5
12.333333
13
14.5
15.333333
16
17.5
18.333333
19
20.5
21.333333
22
23.5
24.333333
25
26.5
27.333333
28
29.5
30.333333
31
32.5
33.333333
34
35.5
36.333333
37
38.5
39.333333
40
41.5
42.333333
43
44.5
45.333333
46
47.5
48.333333
49
50.5
51.333333
52
53.5
54.333333
55
56.5
57.333333
58
59.5
60.333333
61
62.5
63.333333
64
65.5
66.333333
67
68.5
69.333333
70
71.5
72.333333
73
74.5
75.333333
76
77.5
78.333333
79
80.5
81.333333
82
83.5
84.333333
85
86.5
87.333333
88
89.5
90.333333
91
92.5
93.333333
94
95.5
96.333333
97
98.5
99.333333
100
101.5
102.333333
103
104.5
105.333333
106
107.5
108.333333
109
110.5
111.333333
112
113.5
114.333333
115
116.5
117.333333
118
119.5
120.333333
121
122.5
123.333333
124
125.5
126.333333
127
128.5
129.333333
130
131.5
132.333333
133
134.5
135.333333
136
137.5
138.333333
139
140.5
141.333333
142
143.5
144.333333
145
146.5
147.333333
148
149.5
150.333333
151
152.5
153.333333
154
155.5
156.333333
157
158.5
159.333333
160
161.5
162.333333
163
164.5
165.333333
166
167.5
168.333333
169
170.5
171.333333
172
173.5
174.333333
175
176.5
177.333333
178
179.5
180.333333
181
182.5
183.333333
184
185.5
186.333333
187
188.5
189.333333
190
191.5
192.333333
193
194.5
195.333333
196
197.5
198.333333
199
200.5